Version	GMID-X v 1.0
Chemistry Kit	AmpFLSTR_Identifiler_Plus_v1X
BinSet Name	Identifiler_Plus_Bins_v1X
Panel Name	Identifiler_Plus_Panels_v1X
Marker Name	D8S1179
7	124.0	0.5	0.5	virtual
8	128.0	0.5	0.5	
9	132.0	0.5	0.5	
10	136.0	0.5	0.5	
11	140.0	0.5	0.5	
12	144.0	0.5	0.5	
13	148.0	0.5	0.5	
14	152.0	0.5	0.5	
15	156.0	0.5	0.5	
16	160.0	0.5	0.5	
17	164.0	0.5	0.5	
18	168.0	0.5	0.5	
19	172.0	0.5	0.5	
20	176.0	0.5	0.5	virtual
Marker Name	D21S11
23.2	185.0	0.5	0.5	virtual
24	187.0	0.5	0.5	
24.2	189.0	0.5	0.5	
25	191.0	0.5	0.5	
25.2	193.0	0.5	0.5	virtual
26	195.0	0.5	0.5	
26.2	197.0	0.5	0.5	virtual
27	199.0	0.5	0.5	
27.2	201.0	0.5	0.5	virtual
28	203.0	0.5	0.5	
28.2	205.0	0.5	0.5	
29	207.0	0.5	0.5	
29.2	209.0	0.5	0.5	
30	211.0	0.5	0.5	
30.2	213.0	0.5	0.5	
31	215.0	0.5	0.5	
31.2	217.0	0.5	0.5	
32	219.0	0.5	0.5	
32.2	221.0	0.5	0.5	
33	223.0	0.5	0.5	
33.2	225.0	0.5	0.5	
34	227.0	0.5	0.5	
34.2	229.0	0.5	0.5	
35	231.0	0.5	0.5	
35.2	233.0	0.5	0.5	
36	235.0	0.5	0.5	
36.2	237.0	0.5	0.5	virtual
37	239.0	0.5	0.5	
37.2	241.0	0.5	0.5	virtual
38	243.0	0.5	0.5	
38.2	245.0	0.5	0.5	virtual
39	247.0	0.5	0.5	virtual
Marker Name	D7S820
5	254.0	0.5	0.5	virtual
5.2	256.0	0.5	0.5	virtual
6	258.0	0.5	0.5	
7	262.0	0.5	0.5	
8	266.0	0.5	0.5	
8.2	268.0	0.5	0.5	virtual
9	270.0	0.5	0.5	
9.2	272.0	0.5	0.5	virtual
10	274.0	0.5	0.5	
11	278.0	0.5	0.5	
12	282.0	0.5	0.5	
13	286.0	0.5	0.5	
14	290.0	0.5	0.5	
15	294.0	0.5	0.5	
16	298.0	0.5	0.5	virtual
Marker Name	CSF1PO
5	302.63	0.5	0.5	virtual
6	306.63	0.5	0.5	
7	310.63	0.5	0.5	
8	314.63	0.5	0.5	
9	318.63	0.5	0.5	
10	322.63	0.5	0.5	
10.2	324.63	0.5	0.5	virtual
11	326.63	0.5	0.5	
12	330.63	0.5	0.5	
13	334.63	0.5	0.5	
14	338.63	0.5	0.5	
15	342.63	0.5	0.5	
16	346.63	0.5	0.5	virtual
Marker Name	D3S1358
11	110.0	0.5	0.5	virtual
12	114.0	0.5	0.5	
13	118.0	0.5	0.5	
14	122.0	0.5	0.5	
15	126.0	0.5	0.5	
15.2	128.0	0.5	0.5	virtual
16	130.0	0.5	0.5	
16.2	132.0	0.5	0.5	virtual
17	134.0	0.5	0.5	
17.2	136.0	0.5	0.5	virtual
18	138.0	0.5	0.5	
18.2	140.0	0.5	0.5	virtual
19	142.0	0.5	0.5	
20	146.0	0.5	0.5	virtual
Marker Name	TH01
3	161.0	0.5	0.5	virtual
4	165.0	0.5	0.5	
5	169.0	0.5	0.5	
5.3	172.0	0.5	0.4	virtual
6	173.0	0.4	0.5	
6.3	176.0	0.5	0.4	virtual
7	177.0	0.4	0.5	
7.3	180.0	0.5	0.4	virtual
8	181.0	0.4	0.5	
8.3	184.0	0.5	0.4	virtual
9	185.0	0.4	0.5	
9.3	188.0	0.5	0.4	
10	189.0	0.4	0.5	
10.3	192.0	0.5	0.4	virtual
11	193.0	0.4	0.5	
12	197.0	0.5	0.5	virtual
13	201.0	0.5	0.5	virtual
13.3	204.0	0.5	0.5	
Marker Name	D13S317
7	213.65	0.5	0.5	virtual
8	217.65	0.5	0.5	
9	221.65	0.5	0.5	
10	225.65	0.5	0.5	
11	229.65	0.5	0.5	
12	233.65	0.5	0.5	
13	237.65	0.5	0.5	
14	241.65	0.5	0.5	
15	245.65	0.5	0.5	
16	249.65	0.5	0.5	virtual
Marker Name	D16S539
5	257.3	0.5	0.5	
6	261.3	0.5	0.5	virtual
7	265.3	0.5	0.5	virtual
8	269.3	0.5	0.5	
9	273.3	0.5	0.5	
10	277.3	0.5	0.5	
11	281.3	0.5	0.5	
12	285.3	0.5	0.5	
12.2	287.3	0.5	0.5	virtual
13	289.3	0.5	0.5	
14	293.3	0.5	0.5	
15	297.3	0.5	0.5	
16	301.3	0.5	0.5	virtual
Marker Name	D2S1338
14	305.31	0.5	0.5	virtual
15	309.31	0.5	0.5	
16	313.31	0.5	0.5	
17	317.31	0.5	0.5	
18	321.31	0.5	0.5	
19	325.31	0.5	0.5	
20	329.31	0.5	0.5	
21	333.31	0.5	0.5	
22	337.31	0.5	0.5	
23	341.31	0.5	0.5	
24	345.31	0.5	0.5	
25	349.31	0.5	0.5	
26	353.31	0.5	0.5	
27	357.31	0.5	0.5	
28	361.31	0.5	0.5	
29	365.31	0.5	0.5	virtual
Marker Name	D19S433
9	106.0	0.5	0.5	
9.2	108.0	0.5	0.5	virtual
10	110.0	0.5	0.5	
10.2	112.0	0.5	0.5	virtual
11	114.0	0.5	0.5	
11.2	116.0	0.5	0.5	virtual
12	118.0	0.5	0.5	
12.2	120.0	0.5	0.5	
13	122.0	0.5	0.5	
13.2	124.0	0.5	0.5	
14	126.0	0.5	0.5	
14.2	128.0	0.5	0.5	
15	130.0	0.5	0.5	
15.2	132.0	0.5	0.5	
16	134.0	0.5	0.5	
16.2	136.0	0.5	0.5	
17	138.0	0.5	0.5	
17.2	140.0	0.5	0.5	
18	142.0	0.5	0.5	virtual
18.2	144.0	0.5	0.5	virtual
Marker Name	vWA
10	153.0	0.5	0.5	virtual
11	157.0	0.5	0.5	
12	161.0	0.5	0.5	
13	165.0	0.5	0.5	
14	169.0	0.5	0.5	
15	173.0	0.5	0.5	
15.2	175.0	0.5	0.5	virtual
16	177.0	0.5	0.5	
17	181.0	0.5	0.5	
18	185.0	0.5	0.5	
18.2	187.0	0.5	0.5	virtual
19	189.0	0.5	0.5	
20	193.0	0.5	0.5	
21	197.0	0.5	0.5	
22	201.0	0.5	0.5	
23	205.0	0.5	0.5	
24	209.0	0.5	0.5	
25	213.0	0.5	0.5	virtual
Marker Name	TPOX
5	220.99	0.5	0.5	virtual
6	224.99	0.5	0.5	
7	228.99	0.5	0.5	
8	232.99	0.5	0.5	
9	236.99	0.5	0.5	
10	240.99	0.5	0.5	
11	244.99	0.5	0.5	
12	248.99	0.5	0.5	
13	252.99	0.5	0.5	
14	256.99	0.5	0.5	virtual
Marker Name	D18S51
7	265.0	0.5	0.5	
8	269.0	0.5	0.5	virtual
9	273.0	0.5	0.5	
9.2	275.0	0.5	0.5	virtual
10	277.0	0.5	0.5	
10.2	279.0	0.5	0.5	
11	281.0	0.5	0.5	
11.2	283.0	0.5	0.5	virtual
12	285.0	0.5	0.5	
12.2	287.0	0.5	0.5	virtual
13	289.0	0.5	0.5	
13.2	291.0	0.5	0.5	
14	293.0	0.5	0.5	
14.2	295.0	0.5	0.5	
15	297.0	0.5	0.5	
15.2	299.0	0.5	0.5	virtual
16	301.0	0.5	0.5	
16.2	303.0	0.5	0.5	virtual
17	305.0	0.5	0.5	
17.2	307.0	0.5	0.5	virtual
18	309.0	0.5	0.5	
18.2	311.0	0.5	0.5	virtual
19	313.0	0.5	0.5	
19.2	315.0	0.5	0.5	virtual
20	317.0	0.5	0.5	
20.2	319.0	0.5	0.5	virtual
21	321.0	0.5	0.5	
21.2	323.0	0.5	0.5	virtual
22	325.0	0.5	0.5	
22.2	327.0	0.5	0.5	virtual
23	329.0	0.5	0.5	
23.2	331.0	0.5	0.5	virtual
24	333.0	0.5	0.5	
25	337.0	0.5	0.5	
26	341.0	0.5	0.5	
27	345.0	0.5	0.5	
Marker Name	AMEL
X	107.0	0.5	0.5	
Y	113.0	0.5	0.5	
Marker Name	D5S818
6	131.0	0.5	0.5	virtual
7	135.0	0.5	0.5	
8	139.0	0.5	0.5	
9	143.0	0.5	0.5	
10	147.0	0.5	0.5	
11	151.0	0.5	0.5	
12	155.0	0.5	0.5	
13	159.0	0.5	0.5	
14	163.0	0.5	0.5	
15	167.0	0.5	0.5	
16	171.0	0.5	0.5	
17	175.0	0.5	0.5	virtual
Marker Name	FGA
16	211.0	0.5	0.5	virtual
16.2	213.0	0.5	0.5	virtual
17	215.0	0.5	0.5	
17.2	217.0	0.5	0.5	virtual
18	219.0	0.5	0.5	
18.2	221.0	0.5	0.5	virtual
19	223.0	0.5	0.5	
19.2	225.0	0.5	0.5	virtual
20	227.0	0.5	0.5	
20.2	229.0	0.5	0.5	virtual
21	231.0	0.5	0.5	
21.2	233.0	0.5	0.5	virtual
22	235.0	0.5	0.5	
22.2	237.0	0.5	0.5	virtual
23	239.0	0.5	0.5	
23.2	241.0	0.5	0.5	virtual
24	243.0	0.5	0.5	
24.2	245.0	0.5	0.5	virtual
25	247.0	0.5	0.5	
25.2	249.0	0.5	0.5	virtual
26	251.0	0.5	0.5	
26.2	253.0	0.5	0.5	
27	255.0	0.5	0.5	
27.2	257.0	0.5	0.5	virtual
28	259.0	0.5	0.5	
28.2	261.0	0.5	0.5	virtual
29	263.0	0.5	0.5	
29.2	265.0	0.5	0.5	virtual
30	267.0	0.5	0.5	
30.2	269.0	0.5	0.5	
31	271.0	0.5	0.5	virtual
31.2	273.0	0.5	0.5	
32	275.0	0.5	0.5	virtual
32.2	277.0	0.5	0.5	
33.2	281.0	0.5	0.5	
34.2	285.0	0.5	0.5	virtual
42.2	317.0	0.5	0.5	
43.2	321.0	0.5	0.5	
44.2	325.0	0.5	0.5	
45.2	329.0	0.5	0.5	
46.2	333.0	0.5	0.5	
47.2	337.0	0.5	0.5	
48.2	341.0	0.5	0.5	
49.2	345.0	0.5	0.5	virtual
50.2	349.0	0.5	0.5	
51.2	353.0	0.5	0.5	